{
    "Track_A01": {
        "PB": 4.298980712890625
    },
    "Track_A02": {
        "PB": 8.02192997932434,
        "CP1": 3.9650447368621826,
        "CP2": 5.564269781112671
    },
    "Track_A03": {
        "PB": 13.382211446762085,
        "CP1": 2.4689085483551025,
        "CP2": 6.676959991455078,
        "CP3": 10.457768440246582
    },
    "Track_A04": {
        "PB": 13.02074122428894,
        "CP1": 5.0238730907440186,
        "CP2": 10.645726919174194
    },
    "Track_A05": {
        "PB": 11.846810817718506,
        "CP1": 4.602139711380005,
        "CP2": 7.823812246322632
    },
    "Track_A06": {
        "PB": 16.228033542633057,
        "CP1": 2.475156545639038,
        "CP2": 4.126457214355469,
        "CP3": 7.490188360214233,
        "CP4": 14.032635927200317
    },
    "Track_A07": {
        "PB": 15.186241388320923,
        "CP1": 3.44594407081604,
        "CP2": 6.258642911911011
    },
    "Track_A08": {
        "PB": 4.874131917953491
    },
    "Track_A09": {
        "PB": 63.517972230911255,
        "CP1": 7.505785226821899,
        "CP2": 14.703632116317749,
        "CP3": 16.79949927330017,
        "CP4": 26.075063467025757,
        "CP5": 36.42183184623718,
        "CP6": 46.97541785240173,
        "CP7": 59.28133964538574
    }
}